*Multilayer
1 1 1 40 3.5285815102328866e-4
1 1 1 98 3.5285815102328866e-4
1 1 1 103 7.057163020465773e-4
1 1 1 104 3.5285815102328866e-4
1 2 1 40 7.057163020465773e-4
1 2 1 47 3.5285815102328866e-4
1 2 1 60 3.5285815102328866e-4
1 2 1 71 3.5285815102328866e-4
1 2 1 72 3.5285815102328866e-4
1 2 1 85 3.5285815102328866e-4
1 2 1 88 3.5285815102328866e-4
1 2 1 114 3.5285815102328866e-4
1 2 1 126 3.5285815102328866e-4
1 3 1 38 0.002117148906139732
1 3 1 39 0.0017642907551164433
1 3 1 40 0.013761467889908258
1 3 1 43 3.5285815102328866e-4
1 3 1 45 0.0045871559633027525
1 3 1 46 0.0014114326040931546
1 3 1 47 0.004234297812279464
1 3 1 49 0.002117148906139732
1 3 1 55 3.5285815102328866e-4
1 3 1 56 7.057163020465773e-4
1 3 1 57 3.5285815102328866e-4
1 3 1 60 0.0077628793225123505
1 3 1 62 3.5285815102328866e-4
1 3 1 63 3.5285815102328866e-4
1 3 1 64 3.5285815102328866e-4
1 3 1 65 3.5285815102328866e-4
1 3 1 66 3.5285815102328866e-4
1 3 1 68 7.057163020465773e-4
1 3 1 70 0.0014114326040931546
1 3 1 71 0.0056457304163726185
1 3 1 72 7.057163020465773e-4
1 3 1 75 0.0024700070571630206
1 3 1 81 3.5285815102328866e-4
1 3 1 82 3.5285815102328866e-4
1 3 1 83 3.5285815102328866e-4
1 3 1 85 0.003175723359209598
1 3 1 88 0.01058574453069866
1 3 1 89 0.004234297812279464
1 3 1 94 3.5285815102328866e-4
1 3 1 98 3.5285815102328866e-4
1 3 1 99 3.5285815102328866e-4
1 3 1 100 3.5285815102328866e-4
1 3 1 101 3.5285815102328866e-4
1 3 1 104 0.0014114326040931546
1 3 1 108 7.057163020465773e-4
1 3 1 109 3.5285815102328866e-4
1 3 1 112 7.057163020465773e-4
1 3 1 114 0.0014114326040931546
1 3 1 117 7.057163020465773e-4
1 3 1 118 3.5285815102328866e-4
1 3 1 122 3.5285815102328866e-4
1 3 1 124 0.001058574453069866
1 3 1 125 0.001058574453069866
1 3 1 127 7.057163020465773e-4
1 3 1 128 3.5285815102328866e-4
1 3 1 129 0.0014114326040931546
1 3 1 131 3.5285815102328866e-4
1 3 1 132 0.001058574453069866
1 4 1 38 0.0024700070571630206
1 4 1 40 0.012702893436838392
1 4 1 41 3.5285815102328866e-4
1 4 1 45 0.0056457304163726185
1 4 1 46 3.5285815102328866e-4
1 4 1 47 0.004234297812279464
1 4 1 49 0.002117148906139732
1 4 1 51 3.5285815102328866e-4
1 4 1 52 7.057163020465773e-4
1 4 1 56 7.057163020465773e-4
1 4 1 57 0.001058574453069866
1 4 1 59 7.057163020465773e-4
1 4 1 60 0.0056457304163726185
1 4 1 61 3.5285815102328866e-4
1 4 1 62 7.057163020465773e-4
1 4 1 64 7.057163020465773e-4
1 4 1 65 3.5285815102328866e-4
1 4 1 66 3.5285815102328866e-4
1 4 1 67 7.057163020465773e-4
1 4 1 68 0.0014114326040931546
1 4 1 70 7.057163020465773e-4
1 4 1 71 0.0056457304163726185
1 4 1 72 0.001058574453069866
1 4 1 74 3.5285815102328866e-4
1 4 1 75 0.001058574453069866
1 4 1 81 3.5285815102328866e-4
1 4 1 82 7.057163020465773e-4
1 4 1 83 3.5285815102328866e-4
1 4 1 84 7.057163020465773e-4
1 4 1 85 0.003175723359209598
1 4 1 86 3.5285815102328866e-4
1 4 1 88 0.007057163020465773
1 4 1 89 0.0028228652081863093
1 4 1 92 3.5285815102328866e-4
1 4 1 94 3.5285815102328866e-4
1 4 1 99 3.5285815102328866e-4
1 4 1 103 3.5285815102328866e-4
1 4 1 104 0.001058574453069866
1 4 1 106 3.5285815102328866e-4
1 4 1 110 3.5285815102328866e-4
1 4 1 111 3.5285815102328866e-4
1 4 1 114 0.0014114326040931546
1 4 1 115 3.5285815102328866e-4
1 4 1 116 3.5285815102328866e-4
1 4 1 118 3.5285815102328866e-4
1 4 1 123 3.5285815102328866e-4
1 4 1 124 0.0014114326040931546
1 4 1 125 0.001058574453069866
1 4 1 126 7.057163020465773e-4
1 4 1 128 3.5285815102328866e-4
1 4 1 129 3.5285815102328866e-4
1 4 1 132 7.057163020465773e-4
1 5 1 40 7.057163020465773e-4
1 5 1 45 7.057163020465773e-4
1 5 1 56 3.5285815102328866e-4
1 5 1 60 3.5285815102328866e-4
1 5 1 71 7.057163020465773e-4
1 5 1 89 3.5285815102328866e-4
1 5 1 94 3.5285815102328866e-4
1 5 1 115 3.5285815102328866e-4
1 5 1 129 7.057163020465773e-4
1 6 1 38 0.002117148906139732
1 6 1 40 0.011291460832745237
1 6 1 45 0.007057163020465773
1 6 1 46 3.5285815102328866e-4
1 6 1 47 0.0056457304163726185
1 6 1 48 7.057163020465773e-4
1 6 1 49 0.0014114326040931546
1 6 1 54 0.001058574453069866
1 6 1 55 3.5285815102328866e-4
1 6 1 56 0.0028228652081863093
1 6 1 57 3.5285815102328866e-4
1 6 1 60 0.005998588567395907
1 6 1 61 0.001058574453069866
1 6 1 63 7.057163020465773e-4
1 6 1 67 7.057163020465773e-4
1 6 1 68 3.5285815102328866e-4
1 6 1 70 3.5285815102328866e-4
1 6 1 71 0.004234297812279464
1 6 1 72 0.002117148906139732
1 6 1 75 3.5285815102328866e-4
1 6 1 82 7.057163020465773e-4
1 6 1 83 3.5285815102328866e-4
1 6 1 85 0.002117148906139732
1 6 1 86 3.5285815102328866e-4
1 6 1 87 3.5285815102328866e-4
1 6 1 88 0.0056457304163726185
1 6 1 89 0.0014114326040931546
1 6 1 94 7.057163020465773e-4
1 6 1 96 3.5285815102328866e-4
1 6 1 97 7.057163020465773e-4
1 6 1 98 3.5285815102328866e-4
1 6 1 102 3.5285815102328866e-4
1 6 1 103 7.057163020465773e-4
1 6 1 104 3.5285815102328866e-4
1 6 1 105 3.5285815102328866e-4
1 6 1 106 3.5285815102328866e-4
1 6 1 109 3.5285815102328866e-4
1 6 1 110 3.5285815102328866e-4
1 6 1 112 3.5285815102328866e-4
1 6 1 114 0.0014114326040931546
1 6 1 115 3.5285815102328866e-4
1 6 1 117 7.057163020465773e-4
1 6 1 118 7.057163020465773e-4
1 6 1 123 3.5285815102328866e-4
1 6 1 124 3.5285815102328866e-4
1 6 1 125 3.5285815102328866e-4
1 6 1 126 7.057163020465773e-4
1 6 1 127 3.5285815102328866e-4
1 6 1 128 3.5285815102328866e-4
1 6 1 129 7.057163020465773e-4
1 6 1 130 3.5285815102328866e-4
1 6 1 132 3.5285815102328866e-4
1 7 1 38 0.0024700070571630206
1 7 1 40 0.009527170077628794
1 7 1 42 3.5285815102328866e-4
1 7 1 43 7.057163020465773e-4
1 7 1 44 3.5285815102328866e-4
1 7 1 45 0.0038814396612561752
1 7 1 46 7.057163020465773e-4
1 7 1 47 0.004234297812279464
1 7 1 49 0.0024700070571630206
1 7 1 56 0.0017642907551164433
1 7 1 57 3.5285815102328866e-4
1 7 1 60 0.0056457304163726185
1 7 1 61 7.057163020465773e-4
1 7 1 62 7.057163020465773e-4
1 7 1 65 7.057163020465773e-4
1 7 1 66 7.057163020465773e-4
1 7 1 68 0.001058574453069866
1 7 1 70 3.5285815102328866e-4
1 7 1 71 0.004234297812279464
1 7 1 72 0.001058574453069866
1 7 1 74 3.5285815102328866e-4
1 7 1 75 0.001058574453069866
1 7 1 79 3.5285815102328866e-4
1 7 1 83 3.5285815102328866e-4
1 7 1 85 0.001058574453069866
1 7 1 88 0.009527170077628794
1 7 1 89 0.0017642907551164433
1 7 1 92 3.5285815102328866e-4
1 7 1 94 7.057163020465773e-4
1 7 1 96 3.5285815102328866e-4
1 7 1 98 3.5285815102328866e-4
1 7 1 103 3.5285815102328866e-4
1 7 1 104 3.5285815102328866e-4
1 7 1 108 3.5285815102328866e-4
1 7 1 112 3.5285815102328866e-4
1 7 1 113 3.5285815102328866e-4
1 7 1 114 0.002117148906139732
1 7 1 117 3.5285815102328866e-4
1 7 1 118 7.057163020465773e-4
1 7 1 124 7.057163020465773e-4
1 7 1 126 3.5285815102328866e-4
1 7 1 127 3.5285815102328866e-4
1 7 1 130 3.5285815102328866e-4
1 8 1 38 3.5285815102328866e-4
1 8 1 40 0.003175723359209598
1 8 1 45 7.057163020465773e-4
1 8 1 47 0.0017642907551164433
1 8 1 49 3.5285815102328866e-4
1 8 1 52 3.5285815102328866e-4
1 8 1 54 3.5285815102328866e-4
1 8 1 56 3.5285815102328866e-4
1 8 1 60 0.0017642907551164433
1 8 1 61 3.5285815102328866e-4
1 8 1 62 3.5285815102328866e-4
1 8 1 66 3.5285815102328866e-4
1 8 1 68 3.5285815102328866e-4
1 8 1 71 0.0014114326040931546
1 8 1 73 3.5285815102328866e-4
1 8 1 75 7.057163020465773e-4
1 8 1 85 0.001058574453069866
1 8 1 88 0.002117148906139732
1 8 1 89 3.5285815102328866e-4
1 8 1 104 3.5285815102328866e-4
1 8 1 106 7.057163020465773e-4
1 8 1 108 3.5285815102328866e-4
1 8 1 114 3.5285815102328866e-4
1 8 1 126 7.057163020465773e-4
1 8 1 129 3.5285815102328866e-4
1 9 1 38 3.5285815102328866e-4
1 9 1 40 7.057163020465773e-4
1 9 1 45 3.5285815102328866e-4
1 9 1 71 3.5285815102328866e-4
1 10 1 40 0.003175723359209598
1 10 1 45 0.001058574453069866
1 10 1 46 3.5285815102328866e-4
1 10 1 47 0.0014114326040931546
1 10 1 49 7.057163020465773e-4
1 10 1 57 3.5285815102328866e-4
1 10 1 60 0.002117148906139732
1 10 1 64 3.5285815102328866e-4
1 10 1 68 7.057163020465773e-4
1 10 1 71 0.0017642907551164433
1 10 1 72 7.057163020465773e-4
1 10 1 73 3.5285815102328866e-4
1 10 1 77 7.057163020465773e-4
1 10 1 79 3.5285815102328866e-4
1 10 1 80 3.5285815102328866e-4
1 10 1 81 3.5285815102328866e-4
1 10 1 85 7.057163020465773e-4
1 10 1 86 3.5285815102328866e-4
1 10 1 88 0.0024700070571630206
1 10 1 89 3.5285815102328866e-4
1 10 1 96 3.5285815102328866e-4
1 10 1 103 3.5285815102328866e-4
1 10 1 106 3.5285815102328866e-4
1 10 1 108 3.5285815102328866e-4
1 10 1 114 3.5285815102328866e-4
1 10 1 124 3.5285815102328866e-4
1 10 1 132 3.5285815102328866e-4
1 11 1 38 0.001058574453069866
1 11 1 40 0.007057163020465773
1 11 1 42 3.5285815102328866e-4
1 11 1 45 0.0028228652081863093
1 11 1 46 0.001058574453069866
1 11 1 47 0.003175723359209598
1 11 1 48 7.057163020465773e-4
1 11 1 49 7.057163020465773e-4
1 11 1 51 3.5285815102328866e-4
1 11 1 56 7.057163020465773e-4
1 11 1 60 0.004940014114326041
1 11 1 61 7.057163020465773e-4
1 11 1 62 3.5285815102328866e-4
1 11 1 65 3.5285815102328866e-4
1 11 1 71 0.001058574453069866
1 11 1 72 7.057163020465773e-4
1 11 1 77 3.5285815102328866e-4
1 11 1 79 3.5285815102328866e-4
1 11 1 83 3.5285815102328866e-4
1 11 1 85 0.001058574453069866
1 11 1 88 0.003175723359209598
1 11 1 104 3.5285815102328866e-4
1 11 1 108 3.5285815102328866e-4
1 11 1 114 7.057163020465773e-4
1 11 1 124 7.057163020465773e-4
1 11 1 127 3.5285815102328866e-4
1 12 1 40 0.002117148906139732
1 12 1 45 3.5285815102328866e-4
1 12 1 47 7.057163020465773e-4
1 12 1 48 3.5285815102328866e-4
1 12 1 51 3.5285815102328866e-4
1 12 1 60 0.0014114326040931546
1 12 1 61 3.5285815102328866e-4
1 12 1 62 3.5285815102328866e-4
1 12 1 71 3.5285815102328866e-4
1 12 1 81 3.5285815102328866e-4
1 12 1 85 7.057163020465773e-4
1 12 1 88 7.057163020465773e-4
1 12 1 114 3.5285815102328866e-4
1 12 1 125 3.5285815102328866e-4
1 12 1 129 3.5285815102328866e-4
1 13 1 71 3.5285815102328866e-4
1 13 1 83 3.5285815102328866e-4
1 13 1 85 3.5285815102328866e-4
1 13 1 88 3.5285815102328866e-4
1 13 1 124 3.5285815102328866e-4
1 14 1 40 0.001058574453069866
1 14 1 45 0.001058574453069866
1 14 1 60 7.057163020465773e-4
1 14 1 67 3.5285815102328866e-4
1 14 1 71 0.001058574453069866
1 14 1 75 3.5285815102328866e-4
1 14 1 88 3.5285815102328866e-4
1 14 1 89 3.5285815102328866e-4
1 14 1 114 3.5285815102328866e-4
1 14 1 124 3.5285815102328866e-4
1 14 1 130 3.5285815102328866e-4
1 15 1 38 7.057163020465773e-4
1 15 1 39 3.5285815102328866e-4
1 15 1 40 0.0038814396612561752
1 15 1 44 3.5285815102328866e-4
1 15 1 45 0.0035285815102328866
1 15 1 46 3.5285815102328866e-4
1 15 1 47 0.0017642907551164433
1 15 1 49 3.5285815102328866e-4
1 15 1 55 3.5285815102328866e-4
1 15 1 58 3.5285815102328866e-4
1 15 1 60 0.004234297812279464
1 15 1 62 3.5285815102328866e-4
1 15 1 64 7.057163020465773e-4
1 15 1 65 3.5285815102328866e-4
1 15 1 68 3.5285815102328866e-4
1 15 1 71 7.057163020465773e-4
1 15 1 72 3.5285815102328866e-4
1 15 1 75 3.5285815102328866e-4
1 15 1 79 3.5285815102328866e-4
1 15 1 82 7.057163020465773e-4
1 15 1 85 7.057163020465773e-4
1 15 1 87 3.5285815102328866e-4
1 15 1 88 0.004234297812279464
1 15 1 89 7.057163020465773e-4
1 15 1 94 3.5285815102328866e-4
1 15 1 98 3.5285815102328866e-4
1 15 1 99 3.5285815102328866e-4
1 15 1 104 3.5285815102328866e-4
1 15 1 106 3.5285815102328866e-4
1 15 1 114 7.057163020465773e-4
1 15 1 129 3.5285815102328866e-4
1 15 1 132 3.5285815102328866e-4
1 16 1 38 3.5285815102328866e-4
1 16 1 40 0.0056457304163726185
1 16 1 45 0.002117148906139732
1 16 1 46 3.5285815102328866e-4
1 16 1 57 3.5285815102328866e-4
1 16 1 60 0.003175723359209598
1 16 1 70 3.5285815102328866e-4
1 16 1 71 0.0014114326040931546
1 16 1 72 7.057163020465773e-4
1 16 1 74 3.5285815102328866e-4
1 16 1 85 7.057163020465773e-4
1 16 1 86 3.5285815102328866e-4
1 16 1 88 0.0035285815102328866
1 16 1 89 3.5285815102328866e-4
1 16 1 94 3.5285815102328866e-4
1 16 1 96 7.057163020465773e-4
1 16 1 104 3.5285815102328866e-4
1 16 1 107 3.5285815102328866e-4
1 16 1 114 3.5285815102328866e-4
1 16 1 124 7.057163020465773e-4
1 16 1 127 3.5285815102328866e-4
1 16 1 132 3.5285815102328866e-4
1 19 1 45 3.5285815102328866e-4
1 19 1 48 3.5285815102328866e-4
1 19 1 109 3.5285815102328866e-4
1 19 1 124 3.5285815102328866e-4
1 20 1 38 0.0017642907551164433
1 20 1 39 7.057163020465773e-4
1 20 1 40 0.004234297812279464
1 20 1 41 3.5285815102328866e-4
1 20 1 43 7.057163020465773e-4
1 20 1 45 0.0035285815102328866
1 20 1 46 3.5285815102328866e-4
1 20 1 47 0.003175723359209598
1 20 1 51 3.5285815102328866e-4
1 20 1 54 3.5285815102328866e-4
1 20 1 55 3.5285815102328866e-4
1 20 1 60 0.004940014114326041
1 20 1 61 3.5285815102328866e-4
1 20 1 63 3.5285815102328866e-4
1 20 1 64 3.5285815102328866e-4
1 20 1 70 7.057163020465773e-4
1 20 1 71 0.0028228652081863093
1 20 1 72 7.057163020465773e-4
1 20 1 74 3.5285815102328866e-4
1 20 1 75 0.001058574453069866
1 20 1 82 3.5285815102328866e-4
1 20 1 83 7.057163020465773e-4
1 20 1 85 0.0017642907551164433
1 20 1 88 0.0024700070571630206
1 20 1 89 0.0017642907551164433
1 20 1 94 7.057163020465773e-4
1 20 1 103 7.057163020465773e-4
1 20 1 104 3.5285815102328866e-4
1 20 1 112 3.5285815102328866e-4
1 20 1 114 7.057163020465773e-4
1 20 1 118 3.5285815102328866e-4
1 20 1 123 3.5285815102328866e-4
1 20 1 126 3.5285815102328866e-4
1 20 1 129 3.5285815102328866e-4
1 21 1 40 0.001058574453069866
1 21 1 44 3.5285815102328866e-4
1 21 1 45 7.057163020465773e-4
1 21 1 47 3.5285815102328866e-4
1 21 1 60 3.5285815102328866e-4
1 21 1 75 7.057163020465773e-4
1 21 1 83 7.057163020465773e-4
1 21 1 88 7.057163020465773e-4
1 21 1 89 3.5285815102328866e-4
1 22 1 60 7.057163020465773e-4
1 23 1 38 3.5285815102328866e-4
1 23 1 40 0.0038814396612561752
1 23 1 45 0.001058574453069866
1 23 1 46 3.5285815102328866e-4
1 23 1 47 3.5285815102328866e-4
1 23 1 49 3.5285815102328866e-4
1 23 1 54 3.5285815102328866e-4
1 23 1 60 0.0024700070571630206
1 23 1 62 3.5285815102328866e-4
1 23 1 68 7.057163020465773e-4
1 23 1 71 0.002117148906139732
1 23 1 72 0.001058574453069866
1 23 1 73 3.5285815102328866e-4
1 23 1 77 3.5285815102328866e-4
1 23 1 82 3.5285815102328866e-4
1 23 1 84 3.5285815102328866e-4
1 23 1 85 3.5285815102328866e-4
1 23 1 88 0.0024700070571630206
1 23 1 89 3.5285815102328866e-4
1 23 1 96 3.5285815102328866e-4
1 23 1 104 3.5285815102328866e-4
1 23 1 109 3.5285815102328866e-4
1 23 1 114 3.5285815102328866e-4
1 23 1 117 3.5285815102328866e-4
1 23 1 124 7.057163020465773e-4
1 24 1 38 3.5285815102328866e-4
1 24 1 40 0.007410021171489062
1 24 1 43 7.057163020465773e-4
1 24 1 45 0.0038814396612561752
1 24 1 46 0.001058574453069866
1 24 1 47 0.002117148906139732
1 24 1 48 3.5285815102328866e-4
1 24 1 49 0.0014114326040931546
1 24 1 56 3.5285815102328866e-4
1 24 1 60 0.00529287226534933
1 24 1 64 3.5285815102328866e-4
1 24 1 65 3.5285815102328866e-4
1 24 1 68 7.057163020465773e-4
1 24 1 70 3.5285815102328866e-4
1 24 1 71 0.003175723359209598
1 24 1 72 7.057163020465773e-4
1 24 1 75 7.057163020465773e-4
1 24 1 85 0.0014114326040931546
1 24 1 88 0.004940014114326041
1 24 1 89 0.002117148906139732
1 24 1 93 7.057163020465773e-4
1 24 1 96 3.5285815102328866e-4
1 24 1 97 3.5285815102328866e-4
1 24 1 103 0.0014114326040931546
1 24 1 104 0.0017642907551164433
1 24 1 107 3.5285815102328866e-4
1 24 1 114 3.5285815102328866e-4
1 24 1 121 3.5285815102328866e-4
1 24 1 124 0.001058574453069866
1 24 1 125 3.5285815102328866e-4
1 24 1 126 3.5285815102328866e-4
1 24 1 129 3.5285815102328866e-4
1 24 1 132 7.057163020465773e-4
1 25 1 49 3.5285815102328866e-4
1 25 1 71 3.5285815102328866e-4
1 25 1 104 3.5285815102328866e-4
1 26 1 38 0.0014114326040931546
1 26 1 40 0.014114326040931546
1 26 1 43 7.057163020465773e-4
1 26 1 44 3.5285815102328866e-4
1 26 1 45 0.0056457304163726185
1 26 1 46 0.001058574453069866
1 26 1 47 0.004940014114326041
1 26 1 49 0.002117148906139732
1 26 1 52 3.5285815102328866e-4
1 26 1 56 3.5285815102328866e-4
1 26 1 57 3.5285815102328866e-4
1 26 1 60 0.005998588567395907
1 26 1 61 3.5285815102328866e-4
1 26 1 63 3.5285815102328866e-4
1 26 1 64 3.5285815102328866e-4
1 26 1 65 3.5285815102328866e-4
1 26 1 70 3.5285815102328866e-4
1 26 1 71 0.008115737473535639
1 26 1 72 0.001058574453069866
1 26 1 75 7.057163020465773e-4
1 26 1 83 3.5285815102328866e-4
1 26 1 85 0.0028228652081863093
1 26 1 88 0.008115737473535639
1 26 1 89 0.0024700070571630206
1 26 1 91 7.057163020465773e-4
1 26 1 92 3.5285815102328866e-4
1 26 1 94 3.5285815102328866e-4
1 26 1 98 3.5285815102328866e-4
1 26 1 99 3.5285815102328866e-4
1 26 1 103 7.057163020465773e-4
1 26 1 104 0.003175723359209598
1 26 1 106 3.5285815102328866e-4
1 26 1 114 0.002117148906139732
1 26 1 117 3.5285815102328866e-4
1 26 1 120 3.5285815102328866e-4
1 26 1 123 3.5285815102328866e-4
1 26 1 124 0.002117148906139732
1 26 1 125 3.5285815102328866e-4
1 26 1 126 0.001058574453069866
1 26 1 130 3.5285815102328866e-4
1 26 1 132 0.001058574453069866
1 27 1 38 0.001058574453069866
1 27 1 40 0.008468595624558928
1 27 1 43 3.5285815102328866e-4
1 27 1 45 0.006351446718419196
1 27 1 46 3.5285815102328866e-4
1 27 1 47 0.0017642907551164433
1 27 1 49 0.001058574453069866
1 27 1 54 3.5285815102328866e-4
1 27 1 55 3.5285815102328866e-4
1 27 1 56 7.057163020465773e-4
1 27 1 60 0.0077628793225123505
1 27 1 62 3.5285815102328866e-4
1 27 1 63 3.5285815102328866e-4
1 27 1 65 3.5285815102328866e-4
1 27 1 66 3.5285815102328866e-4
1 27 1 69 3.5285815102328866e-4
1 27 1 70 3.5285815102328866e-4
1 27 1 71 0.0035285815102328866
1 27 1 72 7.057163020465773e-4
1 27 1 75 0.001058574453069866
1 27 1 79 7.057163020465773e-4
1 27 1 82 0.0014114326040931546
1 27 1 83 7.057163020465773e-4
1 27 1 85 0.0014114326040931546
1 27 1 86 3.5285815102328866e-4
1 27 1 87 3.5285815102328866e-4
1 27 1 88 0.007057163020465773
1 27 1 89 0.003175723359209598
1 27 1 90 3.5285815102328866e-4
1 27 1 91 3.5285815102328866e-4
1 27 1 96 3.5285815102328866e-4
1 27 1 103 0.001058574453069866
1 27 1 104 7.057163020465773e-4
1 27 1 112 3.5285815102328866e-4
1 27 1 114 0.003175723359209598
1 27 1 118 3.5285815102328866e-4
1 27 1 124 0.0017642907551164433
1 27 1 127 3.5285815102328866e-4
1 27 1 128 3.5285815102328866e-4
1 27 1 129 0.0014114326040931546
1 27 1 131 3.5285815102328866e-4
1 27 1 132 7.057163020465773e-4
1 28 1 38 3.5285815102328866e-4
1 28 1 40 0.001058574453069866
1 28 1 45 0.0028228652081863093
1 28 1 46 3.5285815102328866e-4
1 28 1 47 3.5285815102328866e-4
1 28 1 49 0.001058574453069866
1 28 1 50 3.5285815102328866e-4
1 28 1 60 0.004234297812279464
1 28 1 64 3.5285815102328866e-4
1 28 1 70 3.5285815102328866e-4
1 28 1 71 0.0014114326040931546
1 28 1 75 3.5285815102328866e-4
1 28 1 82 3.5285815102328866e-4
1 28 1 84 3.5285815102328866e-4
1 28 1 85 7.057163020465773e-4
1 28 1 88 0.0038814396612561752
1 28 1 90 3.5285815102328866e-4
1 28 1 93 3.5285815102328866e-4
1 28 1 103 7.057163020465773e-4
1 28 1 106 3.5285815102328866e-4
1 28 1 108 3.5285815102328866e-4
1 28 1 114 7.057163020465773e-4
1 28 1 119 3.5285815102328866e-4
1 28 1 125 7.057163020465773e-4
1 28 1 127 3.5285815102328866e-4
1 28 1 128 3.5285815102328866e-4
1 28 1 130 3.5285815102328866e-4
1 28 1 131 3.5285815102328866e-4
1 29 1 38 0.0014114326040931546
1 29 1 39 7.057163020465773e-4
1 29 1 40 0.015525758645024701
1 29 1 42 3.5285815102328866e-4
1 29 1 43 3.5285815102328866e-4
1 29 1 44 3.5285815102328866e-4
1 29 1 45 0.007410021171489062
1 29 1 46 0.0028228652081863093
1 29 1 47 0.0056457304163726185
1 29 1 48 7.057163020465773e-4
1 29 1 49 0.0045871559633027525
1 29 1 50 3.5285815102328866e-4
1 29 1 51 3.5285815102328866e-4
1 29 1 55 3.5285815102328866e-4
1 29 1 56 7.057163020465773e-4
1 29 1 57 3.5285815102328866e-4
1 29 1 59 3.5285815102328866e-4
1 29 1 60 0.010232886379675371
1 29 1 61 7.057163020465773e-4
1 29 1 63 3.5285815102328866e-4
1 29 1 64 3.5285815102328866e-4
1 29 1 65 3.5285815102328866e-4
1 29 1 70 0.001058574453069866
1 29 1 71 0.008468595624558928
1 29 1 72 3.5285815102328866e-4
1 29 1 73 0.001058574453069866
1 29 1 74 7.057163020465773e-4
1 29 1 75 7.057163020465773e-4
1 29 1 76 3.5285815102328866e-4
1 29 1 78 7.057163020465773e-4
1 29 1 81 3.5285815102328866e-4
1 29 1 85 0.0024700070571630206
1 29 1 86 3.5285815102328866e-4
1 29 1 87 3.5285815102328866e-4
1 29 1 88 0.011644318983768526
1 29 1 89 0.0045871559633027525
1 29 1 90 3.5285815102328866e-4
1 29 1 95 3.5285815102328866e-4
1 29 1 96 7.057163020465773e-4
1 29 1 98 7.057163020465773e-4
1 29 1 99 3.5285815102328866e-4
1 29 1 103 0.0014114326040931546
1 29 1 104 3.5285815102328866e-4
1 29 1 107 3.5285815102328866e-4
1 29 1 109 3.5285815102328866e-4
1 29 1 112 3.5285815102328866e-4
1 29 1 114 0.002117148906139732
1 29 1 117 7.057163020465773e-4
1 29 1 118 3.5285815102328866e-4
1 29 1 124 0.0017642907551164433
1 29 1 125 7.057163020465773e-4
1 29 1 126 3.5285815102328866e-4
1 29 1 129 0.001058574453069866
1 29 1 130 7.057163020465773e-4
1 29 1 132 0.001058574453069866
1 30 1 60 3.5285815102328866e-4
1 30 1 70 3.5285815102328866e-4
1 30 1 71 3.5285815102328866e-4
1 30 1 114 3.5285815102328866e-4
1 31 1 38 3.5285815102328866e-4
1 31 1 39 3.5285815102328866e-4
1 31 1 40 0.003175723359209598
1 31 1 45 7.057163020465773e-4
1 31 1 47 7.057163020465773e-4
1 31 1 49 0.0014114326040931546
1 31 1 60 0.0038814396612561752
1 31 1 68 7.057163020465773e-4
1 31 1 71 0.001058574453069866
1 31 1 72 3.5285815102328866e-4
1 31 1 75 7.057163020465773e-4
1 31 1 83 7.057163020465773e-4
1 31 1 85 7.057163020465773e-4
1 31 1 88 0.0045871559633027525
1 31 1 89 7.057163020465773e-4
1 31 1 96 7.057163020465773e-4
1 31 1 104 3.5285815102328866e-4
1 31 1 112 3.5285815102328866e-4
1 31 1 118 3.5285815102328866e-4
1 31 1 124 3.5285815102328866e-4
1 31 1 125 7.057163020465773e-4
1 31 1 129 7.057163020465773e-4
1 32 1 39 3.5285815102328866e-4
1 32 1 40 0.0024700070571630206
1 32 1 45 0.001058574453069866
1 32 1 46 7.057163020465773e-4
1 32 1 47 3.5285815102328866e-4
1 32 1 48 3.5285815102328866e-4
1 32 1 49 3.5285815102328866e-4
1 32 1 51 3.5285815102328866e-4
1 32 1 60 0.0014114326040931546
1 32 1 63 3.5285815102328866e-4
1 32 1 64 3.5285815102328866e-4
1 32 1 71 0.001058574453069866
1 32 1 72 3.5285815102328866e-4
1 32 1 85 3.5285815102328866e-4
1 32 1 88 0.0014114326040931546
1 32 1 89 3.5285815102328866e-4
1 32 1 114 3.5285815102328866e-4
1 32 1 115 3.5285815102328866e-4
1 32 1 124 7.057163020465773e-4
1 33 1 38 0.0024700070571630206
1 33 1 40 0.011291460832745237
1 33 1 43 7.057163020465773e-4
1 33 1 45 0.009880028228652082
1 33 1 46 3.5285815102328866e-4
1 33 1 47 0.0067043048694424845
1 33 1 48 3.5285815102328866e-4
1 33 1 49 0.0028228652081863093
1 33 1 54 3.5285815102328866e-4
1 33 1 55 3.5285815102328866e-4
1 33 1 60 0.009880028228652082
1 33 1 61 7.057163020465773e-4
1 33 1 63 3.5285815102328866e-4
1 33 1 64 3.5285815102328866e-4
1 33 1 66 3.5285815102328866e-4
1 33 1 68 7.057163020465773e-4
1 33 1 70 7.057163020465773e-4
1 33 1 71 0.0038814396612561752
1 33 1 72 7.057163020465773e-4
1 33 1 73 3.5285815102328866e-4
1 33 1 75 0.001058574453069866
1 33 1 77 3.5285815102328866e-4
1 33 1 79 3.5285815102328866e-4
1 33 1 81 3.5285815102328866e-4
1 33 1 82 3.5285815102328866e-4
1 33 1 83 3.5285815102328866e-4
1 33 1 85 0.003175723359209598
1 33 1 88 0.010232886379675371
1 33 1 89 0.0014114326040931546
1 33 1 90 3.5285815102328866e-4
1 33 1 91 3.5285815102328866e-4
1 33 1 94 7.057163020465773e-4
1 33 1 96 7.057163020465773e-4
1 33 1 98 7.057163020465773e-4
1 33 1 99 7.057163020465773e-4
1 33 1 103 0.001058574453069866
1 33 1 104 3.5285815102328866e-4
1 33 1 107 3.5285815102328866e-4
1 33 1 114 0.0024700070571630206
1 33 1 115 3.5285815102328866e-4
1 33 1 117 3.5285815102328866e-4
1 33 1 123 3.5285815102328866e-4
1 33 1 124 0.001058574453069866
1 33 1 125 0.001058574453069866
1 33 1 126 0.0014114326040931546
1 33 1 127 3.5285815102328866e-4
1 33 1 129 3.5285815102328866e-4
1 33 1 130 3.5285815102328866e-4
1 33 1 132 3.5285815102328866e-4
1 34 1 38 3.5285815102328866e-4
1 34 1 46 3.5285815102328866e-4
1 34 1 53 3.5285815102328866e-4
1 34 1 57 3.5285815102328866e-4
1 34 1 60 3.5285815102328866e-4
1 34 1 71 3.5285815102328866e-4
1 34 1 104 3.5285815102328866e-4
1 34 1 115 3.5285815102328866e-4
1 34 1 118 3.5285815102328866e-4
1 34 1 125 3.5285815102328866e-4
1 35 1 40 0.0028228652081863093
1 35 1 45 0.002117148906139732
1 35 1 47 7.057163020465773e-4
1 35 1 60 0.002117148906139732
1 35 1 63 3.5285815102328866e-4
1 35 1 65 7.057163020465773e-4
1 35 1 66 3.5285815102328866e-4
1 35 1 67 3.5285815102328866e-4
1 35 1 70 3.5285815102328866e-4
1 35 1 71 0.001058574453069866
1 35 1 72 3.5285815102328866e-4
1 35 1 75 3.5285815102328866e-4
1 35 1 81 3.5285815102328866e-4
1 35 1 83 3.5285815102328866e-4
1 35 1 85 3.5285815102328866e-4
1 35 1 88 0.001058574453069866
1 35 1 89 7.057163020465773e-4
1 35 1 103 3.5285815102328866e-4
1 35 1 114 7.057163020465773e-4
1 35 1 124 3.5285815102328866e-4
1 35 1 125 3.5285815102328866e-4
1 36 1 40 0.0045871559633027525
1 36 1 45 3.5285815102328866e-4
1 36 1 47 0.002117148906139732
1 36 1 48 3.5285815102328866e-4
1 36 1 49 7.057163020465773e-4
1 36 1 54 3.5285815102328866e-4
1 36 1 56 7.057163020465773e-4
1 36 1 57 3.5285815102328866e-4
1 36 1 58 3.5285815102328866e-4
1 36 1 60 0.001058574453069866
1 36 1 66 3.5285815102328866e-4
1 36 1 70 3.5285815102328866e-4
1 36 1 71 0.0014114326040931546
1 36 1 72 3.5285815102328866e-4
1 36 1 73 3.5285815102328866e-4
1 36 1 88 0.003175723359209598
1 36 1 89 0.001058574453069866
1 36 1 103 0.0014114326040931546
1 36 1 104 7.057163020465773e-4
1 36 1 114 7.057163020465773e-4
1 36 1 118 3.5285815102328866e-4
1 36 1 124 3.5285815102328866e-4
1 36 1 126 7.057163020465773e-4
1 37 1 68 3.5285815102328866e-4
2 4 2 133 0.001589825119236884
2 4 2 134 0.0492845786963434
2 4 2 135 0.05802861685214626
2 4 2 136 0.001589825119236884
2 5 2 133 7.94912559618442e-4
2 5 2 134 0.0739268680445151
2 5 2 135 0.06677265500794913
2 5 2 136 7.94912559618442e-4
2 7 2 134 0.0047694753577106515
2 12 2 134 0.00794912559618442
2 12 2 135 0.005564387917329093
2 17 2 134 0.0023847376788553257
2 17 2 135 7.94912559618442e-4
2 18 2 135 0.0023847376788553257
2 24 2 134 0.00397456279809221
2 24 2 135 0.001589825119236884
2 26 2 133 0.00397456279809221
2 26 2 134 0.046104928457869634
2 26 2 135 0.06120826709062003
2 26 2 136 0.001589825119236884
2 29 2 133 0.0047694753577106515
2 29 2 134 0.075516693163752
2 29 2 135 0.07710651828298887
2 29 2 136 0.001589825119236884
2 33 2 133 0.008744038155802861
2 33 2 134 0.21542130365659778
2 33 2 135 0.21939586645468998
2 33 2 136 0.0023847376788553257
1 4 2 4 0.5473684210526316
1 5 2 5 0.09473684210526316
1 7 2 7 0.11315789473684211
1 12 2 12 0.07894736842105263
1 24 2 24 0.1736842105263158
1 26 2 26 0.43157894736842106
1 29 2 29 0.5789473684210527
1 33 2 33 0.5157894736842106
